0.693938
0.694375
0.694313
0.693469
0.693906
0.694094
0.694125
0.694250
0.694375
0.694094
1,0.694094
0.690844
0.691031
0.691125
0.690906
0.690688
0.691219
0.690906
0.691000
0.690875
0.691281
2,0.690988
0.690438
0.690063
0.689906
0.690000
0.690188
0.690250
0.690063
0.690469
0.690094
0.690469
3,0.690194
0.692500
0.692625
0.692688
0.692313
0.692313
0.692406
0.692531
0.692688
0.692344
0.692375
4,0.692478
0.688656
0.689313
0.689125
0.689188
0.689375
0.689594
0.689531
0.689125
0.688750
0.688875
5,0.689153
0.690969
0.690844
0.690906
0.690969
0.690969
0.690813
0.691094
0.690875
0.691188
0.690375
6,0.690900
0.691656
0.691625
0.691500
0.691438
0.691813
0.691656
0.691844
0.691625
0.691594
0.691906
7,0.691666
0.691688
0.691969
0.691344
0.692656
0.691000
0.692906
0.692906
0.692844
0.692750
0.692938
8,0.692300
0.692938
0.693031
0.693313
0.692969
0.693156
0.693250
0.693500
0.693313
0.693469
0.693438
9,0.693238
0.692250
0.692188
0.692063
0.692219
0.692000
0.692156
0.692156
0.691750
0.691938
0.691938
10,0.692066
0.693188
0.693500
0.693469
0.693250
0.693438
0.693750
0.693344
0.693344
0.693594
0.693156
11,0.693403
0.692781
0.692688
0.692531
0.692156
0.692688
0.692594
0.692813
0.692563
0.692875
0.692625
12,0.692631
0.690781
0.690500
0.691000
0.691000
0.690906
0.690906
0.691125
0.691000
0.690813
0.690969
13,0.690900
